section,chain,resid,icode,resname,value
kept_het,D,504,,GOL,distance<=5A
kept_het,D,505,,1PE,distance<=5A
kept_het,D,502,,PMP,distance<=5A
kept_het,D,501,,KYA,distance<=5A
kept_het,D,503,,PO4,distance<=5A
removed_het,D,601,,HOH,water
removed_het,D,602,,HOH,water
removed_het,D,603,,HOH,water
removed_het,D,604,,HOH,water
removed_het,D,605,,HOH,water
removed_het,D,606,,HOH,water
removed_het,D,607,,HOH,water
removed_het,D,608,,HOH,water
removed_het,D,609,,HOH,water
removed_het,D,610,,HOH,water
removed_het,D,611,,HOH,water
removed_het,D,612,,HOH,water
removed_het,D,613,,HOH,water
removed_het,D,614,,HOH,water
removed_het,D,615,,HOH,water
removed_het,D,616,,HOH,water
removed_het,D,617,,HOH,water
removed_het,D,618,,HOH,water
removed_het,D,619,,HOH,water
removed_het,D,620,,HOH,water
removed_het,D,621,,HOH,water
removed_het,D,622,,HOH,water
removed_het,D,623,,HOH,water
removed_het,D,624,,HOH,water
removed_het,D,625,,HOH,water
removed_het,D,626,,HOH,water
removed_het,D,627,,HOH,water
removed_het,D,628,,HOH,water
removed_het,D,629,,HOH,water
removed_het,D,630,,HOH,water
removed_het,D,631,,HOH,water
removed_het,D,632,,HOH,water
removed_het,D,633,,HOH,water
removed_het,D,634,,HOH,water
removed_het,D,635,,HOH,water
removed_het,D,636,,HOH,water
removed_het,D,637,,HOH,water
removed_het,D,638,,HOH,water
removed_het,D,639,,HOH,water
removed_het,D,640,,HOH,water
removed_het,D,641,,HOH,water
removed_het,D,642,,HOH,water
removed_het,D,643,,HOH,water
removed_het,D,644,,HOH,water
removed_het,D,645,,HOH,water
removed_het,D,646,,HOH,water
removed_het,D,647,,HOH,water
removed_het,D,648,,HOH,water
removed_het,D,649,,HOH,water
removed_het,D,650,,HOH,water
removed_het,D,651,,HOH,water
removed_het,D,652,,HOH,water
removed_het,D,653,,HOH,water
removed_het,D,654,,HOH,water
removed_het,D,655,,HOH,water
removed_het,D,656,,HOH,water
removed_het,D,657,,HOH,water
removed_het,D,658,,HOH,water
removed_het,D,659,,HOH,water
removed_het,D,660,,HOH,water
removed_het,D,661,,HOH,water
removed_het,D,662,,HOH,water
removed_het,D,663,,HOH,water
removed_het,D,664,,HOH,water
removed_het,D,665,,HOH,water
removed_het,D,666,,HOH,water
removed_het,D,667,,HOH,water
removed_het,D,668,,HOH,water
removed_het,D,669,,HOH,water
removed_het,D,670,,HOH,water
removed_het,D,671,,HOH,water
removed_het,D,672,,HOH,water
removed_het,D,673,,HOH,water
removed_het,D,674,,HOH,water
removed_het,D,675,,HOH,water
removed_het,D,676,,HOH,water
removed_het,D,677,,HOH,water
removed_het,D,678,,HOH,water
removed_het,D,679,,HOH,water
removed_het,D,680,,HOH,water
removed_het,D,681,,HOH,water
removed_het,D,682,,HOH,water
removed_het,D,683,,HOH,water
removed_het,D,684,,HOH,water
removed_het,D,685,,HOH,water
removed_het,D,686,,HOH,water
removed_het,D,687,,HOH,water
removed_het,D,688,,HOH,water
removed_het,D,689,,HOH,water
removed_het,D,690,,HOH,water
removed_het,D,691,,HOH,water
removed_het,D,692,,HOH,water
removed_het,D,693,,HOH,water
removed_het,D,694,,HOH,water
removed_het,D,695,,HOH,water
removed_het,D,696,,HOH,water
removed_het,D,697,,HOH,water
removed_het,D,698,,HOH,water
removed_het,D,699,,HOH,water
removed_het,D,700,,HOH,water
removed_het,D,701,,HOH,water
removed_het,D,702,,HOH,water
removed_het,D,703,,HOH,water
removed_het,D,704,,HOH,water
removed_het,D,705,,HOH,water
removed_het,D,706,,HOH,water
removed_het,D,707,,HOH,water
removed_het,D,708,,HOH,water
removed_het,D,709,,HOH,water
removed_het,D,710,,HOH,water
removed_het,D,711,,HOH,water
removed_het,D,712,,HOH,water
removed_het,D,713,,HOH,water
removed_het,D,714,,HOH,water
removed_het,D,715,,HOH,water
removed_het,D,716,,HOH,water
removed_het,D,717,,HOH,water
removed_het,D,718,,HOH,water
removed_het,D,719,,HOH,water
removed_het,D,720,,HOH,water
removed_het,D,721,,HOH,water
removed_het,D,722,,HOH,water
removed_het,D,723,,HOH,water
removed_het,D,724,,HOH,water
removed_het,D,725,,HOH,water
removed_het,D,726,,HOH,water
removed_het,D,727,,HOH,water
removed_het,D,728,,HOH,water
removed_het,D,729,,HOH,water
removed_het,D,730,,HOH,water
removed_het,D,731,,HOH,water
removed_het,D,732,,HOH,water
removed_het,D,733,,HOH,water
removed_het,D,734,,HOH,water
removed_het,D,735,,HOH,water
removed_het,D,736,,HOH,water
removed_het,D,737,,HOH,water
removed_het,D,738,,HOH,water
removed_het,D,739,,HOH,water
removed_het,D,740,,HOH,water
removed_het,D,741,,HOH,water
removed_het,D,742,,HOH,water
removed_het,D,743,,HOH,water
removed_het,D,744,,HOH,water
pdbfixer,,,,,applied
