section,chain,resid,icode,resname,value
kept_het,A,303,,GOL,distance<=5A
kept_het,A,302,,GOL,distance<=5A
kept_het,A,305,,GOL,distance<=5A
kept_het,A,301,,CO,common_cofactor_or_ion
kept_het,A,304,,GOL,distance<=5A
removed_het,A,401,,HOH,water
removed_het,A,402,,HOH,water
removed_het,A,403,,HOH,water
removed_het,A,404,,HOH,water
removed_het,A,405,,HOH,water
removed_het,A,406,,HOH,water
removed_het,A,407,,HOH,water
removed_het,A,408,,HOH,water
removed_het,A,409,,HOH,water
removed_het,A,410,,HOH,water
removed_het,A,411,,HOH,water
removed_het,A,412,,HOH,water
removed_het,A,413,,HOH,water
removed_het,A,414,,HOH,water
removed_het,A,415,,HOH,water
removed_het,A,416,,HOH,water
removed_het,A,417,,HOH,water
removed_het,A,418,,HOH,water
removed_het,A,419,,HOH,water
removed_het,A,420,,HOH,water
removed_het,A,421,,HOH,water
removed_het,A,422,,HOH,water
removed_het,A,423,,HOH,water
removed_het,A,424,,HOH,water
removed_het,A,425,,HOH,water
removed_het,A,426,,HOH,water
removed_het,A,427,,HOH,water
removed_het,A,428,,HOH,water
removed_het,A,429,,HOH,water
removed_het,A,430,,HOH,water
removed_het,A,431,,HOH,water
removed_het,A,432,,HOH,water
removed_het,A,433,,HOH,water
removed_het,A,434,,HOH,water
removed_het,A,435,,HOH,water
removed_het,A,436,,HOH,water
removed_het,A,437,,HOH,water
removed_het,A,438,,HOH,water
removed_het,A,439,,HOH,water
removed_het,A,440,,HOH,water
removed_het,A,441,,HOH,water
removed_het,A,442,,HOH,water
removed_het,A,443,,HOH,water
removed_het,A,444,,HOH,water
removed_het,A,445,,HOH,water
removed_het,A,446,,HOH,water
removed_het,A,447,,HOH,water
removed_het,A,448,,HOH,water
removed_het,A,449,,HOH,water
removed_het,A,450,,HOH,water
removed_het,A,451,,HOH,water
removed_het,A,452,,HOH,water
removed_het,A,453,,HOH,water
removed_het,A,454,,HOH,water
removed_het,A,455,,HOH,water
removed_het,A,456,,HOH,water
removed_het,A,457,,HOH,water
removed_het,A,458,,HOH,water
removed_het,A,459,,HOH,water
removed_het,A,460,,HOH,water
removed_het,A,461,,HOH,water
removed_het,A,462,,HOH,water
removed_het,A,463,,HOH,water
removed_het,A,464,,HOH,water
removed_het,A,465,,HOH,water
removed_het,A,466,,HOH,water
removed_het,A,467,,HOH,water
removed_het,A,468,,HOH,water
removed_het,A,469,,HOH,water
removed_het,A,470,,HOH,water
removed_het,A,471,,HOH,water
removed_het,A,472,,HOH,water
removed_het,A,473,,HOH,water
removed_het,A,474,,HOH,water
removed_het,A,475,,HOH,water
removed_het,A,476,,HOH,water
removed_het,A,477,,HOH,water
removed_het,A,478,,HOH,water
removed_het,A,479,,HOH,water
removed_het,A,480,,HOH,water
pdbfixer,,,,,applied
